0 36.011 0.0 0 0.0 0.0
1 46.2999 0.0 0 0.0 0.0
2 36.011 0.0 500.0 0.0 0.0
3 36.011 0.0 -500.0 0.0 0.0
4 46.2999 0.0 500.0 0.0 0.0
5 46.2999 0.0 -500.0 0.0 0.0
6 36.011 -0.2617993877991494 0.0 0.0 0.0
7 36.011 0.2617993877991494 0.0 0.0 0.0
8 36.011 -0.12217304763960307 0.0 0.0 0.0
9 36.011 0.12217304763960307 0.0 0.0 0.0
10 36.011 -0.2617993877991494 500.0 0.0 0.0
11 36.011 0.2617993877991494 500.0 0.0 0.0
12 36.011 -0.12217304763960307 500.0 0.0 0.0
13 36.011 0.12217304763960307 500.0 0.0 0.0
14 46.2999 -0.2617993877991494 0.0 0.0 0.0
15 46.2999 0.2617993877991494 0.0 0.0 0.0
16 46.2999 -0.12217304763960307 0.0 0.0 0.0
17 46.2999 0.12217304763960307 0.0 0.0 0.0
18 46.2999 -0.2617993877991494 500.0 0.0 0.0
19 46.2999 0.2617993877991494 500.0 0.0 0.0
20 46.2999 -0.12217304763960307 500.0 0.0 0.0
21 46.2999 0.12217304763960307 500.0 0.0 0.0
22 36.011 -0.2617993877991494 -500.0 0.0 0.0
23 36.011 0.2617993877991494 -500.0 0.0 0.0
24 36.011 -0.12217304763960307 -500.0 0.0 0.0
25 36.011 0.12217304763960307 -500.0 0.0 0.0
26 46.2999 -0.2617993877991494 -500.0 0.0 0.0
27 46.2999 0.2617993877991494 -500.0 0.0 0.0
28 46.2999 -0.12217304763960307 -500.0 0.0 0.0
29 46.2999 0.12217304763960307 -500.0 0.0 0.0
