0 straight
0.0 37.906315789473716 75.81263157894736 113.71894736842107 151.62526315789478 189.53157894736847 227.43789473684217 265.34421052631586 303.2505263157896 341.15684210526337 379.0631578947372 416.96947368421047 454.8757894736842 492.7821052631579 530.6884210526316 568.5947368421054 606.501052631579 644.4073684210528 682.3136842105265 720.2200000000004 
0.0 0.0 0.0 0.0 0.0 0.0 0.0 0.0 0.0 0.0 0.0 0.0 0.0 0.0 0.0 0.0 0.0 0.0 0.0 0.0 
0.0 0.0 0.0 0.0 0.0 0.0 0.0 0.0 0.0 0.0 0.0 0.0 0.0 0.0 0.0 0.0 0.0 0.0 0.0 0.0 
1 straight
0.0 48.73673684210528 97.47347368421052 146.2102105263158 194.9469473684211 243.68368421052634 292.4204210526316 341.1571578947368 389.89389473684207 438.6306315789474 487.3673684210526 536.1041052631579 584.8408421052632 633.5775789473685 682.3143157894737 731.051052631579 779.7877894736843 828.5245263157894 877.2612631578947 925.998 
0.0 0.0 0.0 0.0 0.0 0.0 0.0 0.0 0.0 0.0 0.0 0.0 0.0 0.0 0.0 0.0 0.0 0.0 0.0 0.0 
0.0 0.0 0.0 0.0 0.0 0.0 0.0 0.0 0.0 0.0 0.0 0.0 0.0 0.0 0.0 0.0 0.0 0.0 0.0 0.0 
2 climb
0.0 37.81204891237432 75.62409782474855 113.43614673712281 151.24819564949712 189.06024456187143 226.87229347424568 264.6843423866201 302.4963912989944 340.30844021136875 378.12048912374325 415.9325380361169 453.74458694849125 491.5566358608655 529.3686847732398 567.1807336856141 604.9927825979885 642.8048315103629 680.6168804227373 718.4289293351117 
0.0 0.0 0.0 0.0 0.0 0.0 0.0 0.0 0.0 0.0 0.0 0.0 0.0 0.0 0.0 0.0 0.0 0.0 0.0 0.0 
0.0 2.671653753673525 5.343307507347047 8.014961261020574 10.686615014694096 13.358268768367623 16.029922522041147 18.701576275714668 21.373230029388196 24.04488378306172 26.716537536735242 29.38819129040876 32.05984504408229 34.73149879775581 37.403152551429336 40.07480630510286 42.74646005877638 45.41811381244991 48.08976756612343 50.761421319796966 
3 descent
0.0 37.81204891237432 75.62409782474855 113.43614673712281 151.24819564949712 189.06024456187143 226.87229347424568 264.6843423866201 302.4963912989944 340.30844021136875 378.12048912374325 415.9325380361169 453.74458694849125 491.5566358608655 529.3686847732398 567.1807336856141 604.9927825979885 642.8048315103629 680.6168804227373 718.4289293351117 
0.0 0.0 0.0 0.0 0.0 0.0 0.0 0.0 0.0 0.0 0.0 0.0 0.0 0.0 0.0 0.0 0.0 0.0 0.0 0.0 
0.0 -2.671653753673525 -5.343307507347047 -8.014961261020574 -10.686615014694096 -13.358268768367623 -16.029922522041147 -18.701576275714668 -21.373230029388196 -24.04488378306172 -26.716537536735242 -29.38819129040876 -32.05984504408229 -34.73149879775581 -37.403152551429336 -40.07480630510286 -42.74646005877638 -45.41811381244991 -48.08976756612343 -50.761421319796966 
4 climb
0.0 48.663454298242186 97.3269085964843 145.99036289472645 194.65381719296866 243.31727149121085 291.98072578945295 340.64418008769513 389.3076343859374 437.9710886841795 486.6345429824218 535.2979972806636 583.9614515789058 632.624905877148 681.2883601753902 729.9518144736323 778.6152687718745 827.2787230701167 875.9421773683589 924.6056316666013 
0.0 0.0 0.0 0.0 0.0 0.0 0.0 0.0 0.0 0.0 0.0 0.0 0.0 0.0 0.0 0.0 0.0 0.0 0.0 0.0 
0.0 2.671653753673525 5.343307507347047 8.014961261020574 10.686615014694096 13.358268768367623 16.029922522041147 18.701576275714668 21.373230029388196 24.04488378306172 26.716537536735242 29.38819129040876 32.05984504408229 34.73149879775581 37.403152551429336 40.07480630510286 42.74646005877638 45.41811381244991 48.08976756612343 50.761421319796966 
5 descent
0.0 48.663454298242186 97.3269085964843 145.99036289472645 194.65381719296866 243.31727149121085 291.98072578945295 340.64418008769513 389.3076343859374 437.9710886841795 486.6345429824218 535.2979972806636 583.9614515789058 632.624905877148 681.2883601753902 729.9518144736323 778.6152687718745 827.2787230701167 875.9421773683589 924.6056316666013 
0.0 0.0 0.0 0.0 0.0 0.0 0.0 0.0 0.0 0.0 0.0 0.0 0.0 0.0 0.0 0.0 0.0 0.0 0.0 0.0 
0.0 -2.671653753673525 -5.343307507347047 -8.014961261020574 -10.686615014694096 -13.358268768367623 -16.029922522041147 -18.701576275714668 -21.373230029388196 -24.04488378306172 -26.716537536735242 -29.38819129040876 -32.05984504408229 -34.73149879775581 -37.403152551429336 -40.07480630510286 -42.74646005877638 -45.41811381244991 -48.08976756612343 -50.761421319796966 
6 left_turn_shallow
0.0 37.86902877633247 75.51733952531215 112.72142414515586 149.2574932463462 184.90918185381548 219.46756414386596 252.7311534441697 284.5059022337689 314.6052021430753 342.84988395387074 369.0693819012814 393.1112493859567 414.8327740717814 434.10519603069815 450.8152852630552 464.8653416976061 476.17319519150965 484.67220553033036 490.311262428038 
0.0 -1.4555615686496508 -5.814750020793773 -13.05134725819808 -23.120860686155776 -35.96343355640062 -51.50385069777984 -69.65153851625429 -90.3005649948983 -113.32963969389965 -138.6021137505598 -165.967003844782 -195.26519454605162 -226.32103687237267 -258.9500062453054 -292.9604387058766 -328.1535309145795 -364.3233401513738 -401.25678431568576 -438.7336419264084 
0.0 0.0 0.0 0.0 0.0 0.0 0.0 0.0 0.0 0.0 0.0 0.0 0.0 0.0 0.0 0.0 0.0 0.0 0.0 0.0 
7 right_turn_shallow
0.0 37.86902877633247 75.51733952531215 112.72142414515586 149.2574932463462 184.90918185381548 219.46756414386596 252.7311534441697 284.5059022337689 314.6052021430753 342.84988395387074 369.0693819012814 393.1112493859567 414.8327740717814 434.10519603069815 450.8152852630552 464.8653416976061 476.17319519150965 484.67220553033036 490.311262428038 
0.0 1.4555615686496508 5.814750020793773 13.05134725819808 23.120860686155776 35.96343355640062 51.50385069777984 69.65153851625429 90.3005649948983 113.32963969389965 138.6021137505598 165.967003844782 195.26519454605162 226.32103687237267 258.9500062453054 292.9604387058766 328.1535309145795 364.3233401513738 401.25678431568576 438.7336419264084 
0.0 0.0 0.0 0.0 0.0 0.0 0.0 0.0 0.0 0.0 0.0 0.0 0.0 0.0 0.0 0.0 0.0 0.0 0.0 0.0 
8 left_turn_med
0.0 37.898484353596835 75.75012045490112 113.50792573777474 151.12489567770507 188.55436405289834 225.750003634989 262.66582618904 299.2561824735423 335.4757622404153 371.27959423500664 406.62311292158824 441.4626478366757 475.7549131350437 509.4573481364565 542.5282165732878 574.9266065905194 606.6124307457432 637.5464260091585 667.6901537635749 
0.0 -0.6672532484505639 -2.668208514042325 -6.000375173997793 -10.65958557389544 -16.640055198570774 -23.93438279065228 -32.53355035056145 -42.426923136512755 -53.60224966451367 -66.04566170836465 -79.74169723624216 -94.67343326179135 -110.82229349219637 -128.1682297218835 -146.68976163630145 -166.36397681192153 -187.1665307162374 -209.07164670776527 -232.05211603604405 
0.0 0.0 0.0 0.0 0.0 0.0 0.0 0.0 0.0 0.0 0.0 0.0 0.0 0.0 0.0 0.0 0.0 0.0 0.0 0.0 
9 right_turn_med
0.0 37.898484353596835 75.75012045490112 113.50792573777474 151.12489567770507 188.55436405289834 225.750003634989 262.66582618904 299.2561824735423 335.4757622404153 371.27959423500664 406.62311292158824 441.4626478366757 475.7549131350437 509.4573481364565 542.5282165732878 574.9266065905194 606.6124307457432 637.5464260091585 667.6901537635749 
0.0 0.6672532484505639 2.668208514042325 6.000375173997793 10.65958557389544 16.640055198570774 23.93438279065228 32.53355035056145 42.426923136512755 53.60224966451367 66.04566170836465 79.74169723624216 94.67343326179135 110.82229349219637 128.1682297218835 146.68976163630145 166.36397681192153 187.1665307162374 209.07164670776527 232.05211603604405 
0.0 0.0 0.0 0.0 0.0 0.0 0.0 0.0 0.0 0.0 0.0 0.0 0.0 0.0 0.0 0.0 0.0 0.0 0.0 0.0 
10 left_turn_shallow
0.0 37.77466899632339 75.32808394529533 112.43618141404781 148.8746159320325 184.42652054860048 218.882521674587 252.04073908231157 283.70678590557804 313.6937686396743 341.8222871413728 367.92160557635555 391.8392297586428 413.4324782202885 432.5727114474211 449.14691724543275 463.0577107389794 474.22333437198074 482.5776579076203 488.07017842834523 
0.0 -1.4555579933065406 -5.81470365382384 -13.051085931417099 -23.119982848069448 -35.961240543684056 -51.499279063257895 -69.64309235688178 -90.28624827974032 -113.30688859211192 -138.5677289593688 -165.91709248650207 -195.1951718290963 -226.225550462149 -258.82292926551526 -292.79487869360895 -327.94183877540286 -364.05711911442853 -400.9268988887763 -438.33022685109563 
0.0 2.671653753673525 5.343307507347047 8.014961261020574 10.686615014694096 13.358268768367623 16.029922522041147 18.701576275714668 21.373230029388196 24.04488378306172 26.716537536735242 29.38819129040876 32.05984504408229 34.73149879775581 37.403152551429336 40.07480630510286 42.74646005877638 45.41811381244991 48.08976756612343 50.761421319796966 
11 right_turn_shallow
0.0 37.77466899632339 75.32808394529533 112.43618141404781 148.8746159320325 184.42652054860048 218.882521674587 252.04073908231157 283.70678590557804 313.6937686396743 341.8222871413728 367.92160557635555 391.8392297586428 413.4324782202885 432.5727114474211 449.14691724543275 463.0577107389794 474.22333437198074 482.5776579076203 488.07017842834523 
0.0 1.4555579933065406 5.81470365382384 13.051085931417099 23.119982848069448 35.961240543684056 51.499279063257895 69.64309235688178 90.28624827974032 113.30688859211192 138.5677289593688 165.91709248650207 195.1951718290963 226.225550462149 258.82292926551526 292.79487869360895 327.94183877540286 364.05711911442853 400.9268988887763 438.33022685109563 
0.0 2.671653753673525 5.343307507347047 8.014961261020574 10.686615014694096 13.358268768367623 16.029922522041147 18.701576275714668 21.373230029388196 24.04488378306172 26.716537536735242 29.38819129040876 32.05984504408229 34.73149879775581 37.403152551429336 40.07480630510286 42.74646005877638 45.41811381244991 48.08976756612343 50.761421319796966 
12 left_turn_med
0.0 37.804197954856704 75.56143156927462 113.22460119721612 150.74658508259643 188.08060229376727 225.18021341934983 261.99932056823457 298.4921673695816 334.61333897281986 370.31776204764844 405.5607719879469 440.2986058375238 474.4878882110946 508.08597417081864 541.0510491754776 573.3421290804755 604.9190601378386 635.7425189962156 665.7740127008776 
0.0 -0.6672529043175052 -2.668203234898979 -6.000347891043039 -10.659498256193727 -16.63984096927323 -23.933938044400612 -32.53272687089183 -42.425520213259695 -53.60000621121394 -66.04224837966112 -79.73670877173211 -94.66638214928952 -110.81260173738875 -128.15522239617445 -146.6726608164565 -166.34189551970977 -187.13846685807442 -209.0364770143556 -232.0085900020238 
0.0 2.671653753673525 5.343307507347047 8.014961261020574 10.686615014694096 13.358268768367623 16.029922522041147 18.701576275714668 21.373230029388196 24.04488378306172 26.716537536735242 29.38819129040876 32.05984504408229 34.73149879775581 37.403152551429336 40.07480630510286 42.74646005877638 45.41811381244991 48.08976756612343 50.761421319796966 
13 right_turn_med
0.0 37.804197954856704 75.56143156927462 113.22460119721612 150.74658508259643 188.08060229376727 225.18021341934983 261.99932056823457 298.4921673695816 334.61333897281986 370.31776204764844 405.5607719879469 440.2986058375238 474.4878882110946 508.08597417081864 541.0510491754776 573.3421290804755 604.9190601378386 635.7425189962156 665.7740127008776 
0.0 0.6672529043175052 2.668203234898979 6.000347891043039 10.659498256193727 16.63984096927323 23.933938044400612 32.53272687089183 42.425520213259695 53.60000621121394 66.04224837966112 79.73670877173211 94.66638214928952 110.81260173738875 128.15522239617445 146.6726608164565 166.34189551970977 187.13846685807442 209.0364770143556 232.0085900020238 
0.0 2.671653753673525 5.343307507347047 8.014961261020574 10.686615014694096 13.358268768367623 16.029922522041147 18.701576275714668 21.373230029388196 24.04488378306172 26.716537536735242 29.38819129040876 32.05984504408229 34.73149879775581 37.403152551429336 40.07480630510286 42.74646005877638 45.41811381244991 48.08976756612343 50.761421319796966 
14 left_turn_shallow
0.0 48.70773247971483 97.24289411749561 145.43154147608453 193.09954816070655 240.07633905038472 286.1948974486539 331.29176508356113 375.2070421076654 417.78438709803777 458.87101705626117 498.3183347671122 535.9867717527003 571.7411197662473 605.4533069541134 637.0032928511401 666.2790683806504 693.1766558544488 717.6001089728204 739.4615128245325 
0.0 -1.4558445240738564 -5.818584972463336 -13.072460702369975 -23.190907915451806 -36.137637027703235 -51.86663479137044 -70.32216429495136 -91.4387649631957 -115.14125255710496 -141.34471917393233 -169.95492789560146 -200.87064988183167 -233.98039000029274 -269.1654249766775 -306.3004805748807 -345.2537315969986 -385.8868018833297 -428.0547643123738 -471.60614080083303 
0.0 0.0 0.0 0.0 0.0 0.0 0.0 0.0 0.0 0.0 0.0 0.0 0.0 0.0 0.0 0.0 0.0 0.0 0.0 0.0 
15 right_turn_shallow
0.0 48.70773247971483 97.24289411749561 145.43154147608453 193.09954816070655 240.07633905038472 286.1948974486539 331.29176508356113 375.2070421076654 417.78438709803777 458.87101705626117 498.3183347671122 535.9867717527003 571.7411197662473 605.4533069541134 637.0032928511401 666.2790683806504 693.1766558544488 717.6001089728204 739.4615128245325 
0.0 1.4558445240738564 5.818584972463336 13.072460702369975 23.190907915451806 36.137637027703235 51.86663479137044 70.32216429495136 91.4387649631957 115.14125255710496 141.34471917393233 169.95492789560146 200.87064988183167 233.98039000029274 269.1654249766775 306.3004805748807 345.2537315969986 385.8868018833297 428.0547643123738 471.60614080083303 
0.0 0.0 0.0 0.0 0.0 0.0 0.0 0.0 0.0 0.0 0.0 0.0 0.0 0.0 0.0 0.0 0.0 0.0 0.0 0.0 
16 left_turn_med
0.0 48.7306455819347 97.42481004096533 146.04594849235636 194.55750523988982 242.923084308526 291.10644977143806 339.07152575001226 386.7823964138478 434.20330598075657 481.29865871676384 528.0330511446767 574.3715058725074 620.2792238905464 665.7217531307408 710.6650367485515 755.0754131229518 798.9196158564284 842.1647737749809 884.7784109281224 
0.0 -0.6672804817213794 -2.668629843004467 -6.00254351586463 -10.666507785326488 -16.657021861976364 -23.969597925447058 -32.59876112441785 -42.53804957661446 -53.78001436880913 -66.3162195568205 -80.13725064954954 -95.23276352352053 -111.59141311735858 -129.20092089232492 -148.0480895892099 -168.1188032283331 -189.39802710954314 -211.86980781221789 -235.51727319526452 
0.0 0.0 0.0 0.0 0.0 0.0 0.0 0.0 0.0 0.0 0.0 0.0 0.0 0.0 0.0 0.0 0.0 0.0 0.0 0.0 
17 right_turn_med
0.0 48.7306455819347 97.42481004096533 146.04594849235636 194.55750523988982 242.923084308526 291.10644977143806 339.07152575001226 386.7823964138478 434.20330598075657 481.29865871676384 528.0330511446767 574.3715058725074 620.2792238905464 665.7217531307408 710.6650367485515 755.0754131229518 798.9196158564284 842.1647737749809 884.7784109281224 
0.0 0.6672804817213794 2.668629843004467 6.00254351586463 10.666507785326488 16.657021861976364 23.969597925447058 32.59876112441785 42.53804957661446 53.78001436880913 66.3162195568205 80.13725064954954 95.23276352352053 111.59141311735858 129.20092089232492 148.0480895892099 168.1188032283331 189.39802710954314 211.86980781221789 235.51727319526452 
0.0 0.0 0.0 0.0 0.0 0.0 0.0 0.0 0.0 0.0 0.0 0.0 0.0 0.0 0.0 0.0 0.0 0.0 0.0 0.0 
18 left_turn_shallow
0.0 48.63440627365405 97.09598612127506 145.2105345905197 192.80366318011988 239.7045504597521 285.7459492520925 330.7641866328171 374.59916393060155 417.0943567271212 458.0968148570513 497.4577922247773 535.0376099446974 570.7009701914293 604.3197411021589 635.7738550874105 664.9513088310468 691.7481632902695 716.0685436956186 737.8246395509727 
0.0 -1.455843218053286 -5.818566511916774 -13.072361267399716 -23.190581969081695 -36.13683001701687 -51.86495586134427 -70.31905900228787 -91.43348799015645 -115.13284042534376 -141.3319629583284 -169.93634822619634 -200.84448573860638 -233.94456868990778 -269.1175493302982 -306.2378200357234 -345.17321330787706 -385.7850017742011 -427.927898187885 -471.45005542786697 
0.0 2.671653753673525 5.343307507347047 8.014961261020574 10.686615014694096 13.358268768367623 16.029922522041147 18.701576275714668 21.373230029388196 24.04488378306172 26.716537536735242 29.38819129040876 32.05984504408229 34.73149879775581 37.403152551429336 40.07480630510286 42.74646005877638 45.41811381244991 48.08976756612343 50.761421319796966 
19 right_turn_shallow
0.0 48.63440627365405 97.09598612127506 145.2105345905197 192.80366318011988 239.7045504597521 285.7459492520925 330.7641866328171 374.59916393060155 417.0943567271212 458.0968148570513 497.4577922247773 535.0376099446974 570.7009701914293 604.3197411021589 635.7738550874105 664.9513088310468 691.7481632902695 716.0685436956186 737.8246395509727 
0.0 1.455843218053286 5.818566511916774 13.072361267399716 23.190581969081695 36.13683001701687 51.86495586134427 70.31905900228787 91.43348799015645 115.13284042534376 141.3319629583284 169.93634822619634 200.84448573860638 233.94456868990778 269.1175493302982 306.2378200357234 345.17321330787706 385.7850017742011 427.927898187885 471.45005542786697 
0.0 2.671653753673525 5.343307507347047 8.014961261020574 10.686615014694096 13.358268768367623 16.029922522041147 18.701576275714668 21.373230029388196 24.04488378306172 26.716537536735242 29.38819129040876 32.05984504408229 34.73149879775581 37.403152551429336 40.07480630510286 42.74646005877638 45.41811381244991 48.08976756612343 50.761421319796966 
20 left_turn_med
0.0 48.657353865900646 97.27817187463162 145.82585412132926 194.26378984295934 242.55552871778553 290.66478119387466 338.55541848909655 386.191472591124 433.537136257433 480.55676301530247 527.2148995123154 573.4765203860602 619.306779475649 664.6711791048103 709.5356185747937 753.866394164371 797.6301991298358 840.7941237050031 883.3256551012105 
0.0 -0.6672803560300353 -2.668627882231753 -6.002533465976496 -10.666475781142026 -16.656943493675648 -23.969435305340987 -32.59845995371801 -42.537536212203015 -53.77919289000861 -66.31496883216374 -80.13542145434798 -95.23017595135494 -111.58785356534821 -129.19613944863409 -148.0417975087557 -168.11067040849318 -189.38767956586355 -211.85682515412068 -235.50118610175548 
0.0 2.671653753673525 5.343307507347047 8.014961261020574 10.686615014694096 13.358268768367623 16.029922522041147 18.701576275714668 21.373230029388196 24.04488378306172 26.716537536735242 29.38819129040876 32.05984504408229 34.73149879775581 37.403152551429336 40.07480630510286 42.74646005877638 45.41811381244991 48.08976756612343 50.761421319796966 
21 right_turn_med
0.0 48.657353865900646 97.27817187463162 145.82585412132926 194.26378984295934 242.55552871778553 290.66478119387466 338.55541848909655 386.191472591124 433.537136257433 480.55676301530247 527.2148995123154 573.4765203860602 619.306779475649 664.6711791048103 709.5356185747937 753.866394164371 797.6301991298358 840.7941237050031 883.3256551012105 
0.0 0.6672803560300353 2.668627882231753 6.002533465976496 10.666475781142026 16.656943493675648 23.969435305340987 32.59845995371801 42.537536212203015 53.77919289000861 66.31496883216374 80.13542145434798 95.23017595135494 111.58785356534821 129.19613944863409 148.0417975087557 168.11067040849318 189.38767956586355 211.85682515412068 235.50118610175548 
0.0 2.671653753673525 5.343307507347047 8.014961261020574 10.686615014694096 13.358268768367623 16.029922522041147 18.701576275714668 21.373230029388196 24.04488378306172 26.716537536735242 29.38819129040876 32.05984504408229 34.73149879775581 37.403152551429336 40.07480630510286 42.74646005877638 45.41811381244991 48.08976756612343 50.761421319796966 
22 left_des_shallow
0.0 37.77466899632339 75.32808394529533 112.43618141404781 148.8746159320325 184.42652054860048 218.882521674587 252.04073908231157 283.70678590557804 313.6937686396743 341.8222871413728 367.92160557635555 391.8392297586428 413.4324782202885 432.5727114474211 449.14691724543275 463.0577107389794 474.22333437198074 482.5776579076203 488.07017842834523 
0.0 -1.4555579933065406 -5.81470365382384 -13.051085931417099 -23.119982848069448 -35.961240543684056 -51.499279063257895 -69.64309235688178 -90.28624827974032 -113.30688859211192 -138.5677289593688 -165.91709248650207 -195.1951718290963 -226.225550462149 -258.82292926551526 -292.79487869360895 -327.94183877540286 -364.05711911442853 -400.9268988887763 -438.33022685109563 
0.0 -2.671653753673525 -5.343307507347047 -8.014961261020574 -10.686615014694096 -13.358268768367623 -16.029922522041147 -18.701576275714668 -21.373230029388196 -24.04488378306172 -26.716537536735242 -29.38819129040876 -32.05984504408229 -34.73149879775581 -37.403152551429336 -40.07480630510286 -42.74646005877638 -45.41811381244991 -48.08976756612343 -50.761421319796966 
23 right_des_shallow
0.0 37.77466899632339 75.32808394529533 112.43618141404781 148.8746159320325 184.42652054860048 218.882521674587 252.04073908231157 283.70678590557804 313.6937686396743 341.8222871413728 367.92160557635555 391.8392297586428 413.4324782202885 432.5727114474211 449.14691724543275 463.0577107389794 474.22333437198074 482.5776579076203 488.07017842834523 
0.0 1.4555579933065406 5.81470365382384 13.051085931417099 23.119982848069448 35.961240543684056 51.499279063257895 69.64309235688178 90.28624827974032 113.30688859211192 138.5677289593688 165.91709248650207 195.1951718290963 226.225550462149 258.82292926551526 292.79487869360895 327.94183877540286 364.05711911442853 400.9268988887763 438.33022685109563 
0.0 -2.671653753673525 -5.343307507347047 -8.014961261020574 -10.686615014694096 -13.358268768367623 -16.029922522041147 -18.701576275714668 -21.373230029388196 -24.04488378306172 -26.716537536735242 -29.38819129040876 -32.05984504408229 -34.73149879775581 -37.403152551429336 -40.07480630510286 -42.74646005877638 -45.41811381244991 -48.08976756612343 -50.761421319796966 
24 left_des_med
0.0 37.804197954856704 75.56143156927462 113.22460119721612 150.74658508259643 188.08060229376727 225.18021341934983 261.99932056823457 298.4921673695816 334.61333897281986 370.31776204764844 405.5607719879469 440.2986058375238 474.4878882110946 508.08597417081864 541.0510491754776 573.3421290804755 604.9190601378386 635.7425189962156 665.7740127008776 
0.0 -0.6672529043175052 -2.668203234898979 -6.000347891043039 -10.659498256193727 -16.63984096927323 -23.933938044400612 -32.53272687089183 -42.425520213259695 -53.60000621121394 -66.04224837966112 -79.73670877173211 -94.66638214928952 -110.81260173738875 -128.15522239617445 -146.6726608164565 -166.34189551970977 -187.13846685807442 -209.0364770143556 -232.0085900020238 
0.0 -2.671653753673525 -5.343307507347047 -8.014961261020574 -10.686615014694096 -13.358268768367623 -16.029922522041147 -18.701576275714668 -21.373230029388196 -24.04488378306172 -26.716537536735242 -29.38819129040876 -32.05984504408229 -34.73149879775581 -37.403152551429336 -40.07480630510286 -42.74646005877638 -45.41811381244991 -48.08976756612343 -50.761421319796966 
25 right_des_med
0.0 37.804197954856704 75.56143156927462 113.22460119721612 150.74658508259643 188.08060229376727 225.18021341934983 261.99932056823457 298.4921673695816 334.61333897281986 370.31776204764844 405.5607719879469 440.2986058375238 474.4878882110946 508.08597417081864 541.0510491754776 573.3421290804755 604.9190601378386 635.7425189962156 665.7740127008776 
0.0 0.6672529043175052 2.668203234898979 6.000347891043039 10.659498256193727 16.63984096927323 23.933938044400612 32.53272687089183 42.425520213259695 53.60000621121394 66.04224837966112 79.73670877173211 94.66638214928952 110.81260173738875 128.15522239617445 146.6726608164565 166.34189551970977 187.13846685807442 209.0364770143556 232.0085900020238 
0.0 -2.671653753673525 -5.343307507347047 -8.014961261020574 -10.686615014694096 -13.358268768367623 -16.029922522041147 -18.701576275714668 -21.373230029388196 -24.04488378306172 -26.716537536735242 -29.38819129040876 -32.05984504408229 -34.73149879775581 -37.403152551429336 -40.07480630510286 -42.74646005877638 -45.41811381244991 -48.08976756612343 -50.761421319796966 
26 left_des_shallow
0.0 48.63440627365405 97.09598612127506 145.2105345905197 192.80366318011988 239.7045504597521 285.7459492520925 330.7641866328171 374.59916393060155 417.0943567271212 458.0968148570513 497.4577922247773 535.0376099446974 570.7009701914293 604.3197411021589 635.7738550874105 664.9513088310468 691.7481632902695 716.0685436956186 737.8246395509727 
0.0 -1.455843218053286 -5.818566511916774 -13.072361267399716 -23.190581969081695 -36.13683001701687 -51.86495586134427 -70.31905900228787 -91.43348799015645 -115.13284042534376 -141.3319629583284 -169.93634822619634 -200.84448573860638 -233.94456868990778 -269.1175493302982 -306.2378200357234 -345.17321330787706 -385.7850017742011 -427.927898187885 -471.45005542786697 
0.0 -2.671653753673525 -5.343307507347047 -8.014961261020574 -10.686615014694096 -13.358268768367623 -16.029922522041147 -18.701576275714668 -21.373230029388196 -24.04488378306172 -26.716537536735242 -29.38819129040876 -32.05984504408229 -34.73149879775581 -37.403152551429336 -40.07480630510286 -42.74646005877638 -45.41811381244991 -48.08976756612343 -50.761421319796966 
27 right_des_shallow
0.0 48.63440627365405 97.09598612127506 145.2105345905197 192.80366318011988 239.7045504597521 285.7459492520925 330.7641866328171 374.59916393060155 417.0943567271212 458.0968148570513 497.4577922247773 535.0376099446974 570.7009701914293 604.3197411021589 635.7738550874105 664.9513088310468 691.7481632902695 716.0685436956186 737.8246395509727 
0.0 1.455843218053286 5.818566511916774 13.072361267399716 23.190581969081695 36.13683001701687 51.86495586134427 70.31905900228787 91.43348799015645 115.13284042534376 141.3319629583284 169.93634822619634 200.84448573860638 233.94456868990778 269.1175493302982 306.2378200357234 345.17321330787706 385.7850017742011 427.927898187885 471.45005542786697 
0.0 -2.671653753673525 -5.343307507347047 -8.014961261020574 -10.686615014694096 -13.358268768367623 -16.029922522041147 -18.701576275714668 -21.373230029388196 -24.04488378306172 -26.716537536735242 -29.38819129040876 -32.05984504408229 -34.73149879775581 -37.403152551429336 -40.07480630510286 -42.74646005877638 -45.41811381244991 -48.08976756612343 -50.761421319796966 
28 left_des_med
0.0 48.657353865900646 97.27817187463162 145.82585412132926 194.26378984295934 242.55552871778553 290.66478119387466 338.55541848909655 386.191472591124 433.537136257433 480.55676301530247 527.2148995123154 573.4765203860602 619.306779475649 664.6711791048103 709.5356185747937 753.866394164371 797.6301991298358 840.7941237050031 883.3256551012105 
0.0 -0.6672803560300353 -2.668627882231753 -6.002533465976496 -10.666475781142026 -16.656943493675648 -23.969435305340987 -32.59845995371801 -42.537536212203015 -53.77919289000861 -66.31496883216374 -80.13542145434798 -95.23017595135494 -111.58785356534821 -129.19613944863409 -148.0417975087557 -168.11067040849318 -189.38767956586355 -211.85682515412068 -235.50118610175548 
0.0 -2.671653753673525 -5.343307507347047 -8.014961261020574 -10.686615014694096 -13.358268768367623 -16.029922522041147 -18.701576275714668 -21.373230029388196 -24.04488378306172 -26.716537536735242 -29.38819129040876 -32.05984504408229 -34.73149879775581 -37.403152551429336 -40.07480630510286 -42.74646005877638 -45.41811381244991 -48.08976756612343 -50.761421319796966 
29 right_des_med
0.0 48.657353865900646 97.27817187463162 145.82585412132926 194.26378984295934 242.55552871778553 290.66478119387466 338.55541848909655 386.191472591124 433.537136257433 480.55676301530247 527.2148995123154 573.4765203860602 619.306779475649 664.6711791048103 709.5356185747937 753.866394164371 797.6301991298358 840.7941237050031 883.3256551012105 
0.0 0.6672803560300353 2.668627882231753 6.002533465976496 10.666475781142026 16.656943493675648 23.969435305340987 32.59845995371801 42.537536212203015 53.77919289000861 66.31496883216374 80.13542145434798 95.23017595135494 111.58785356534821 129.19613944863409 148.0417975087557 168.11067040849318 189.38767956586355 211.85682515412068 235.50118610175548 
0.0 -2.671653753673525 -5.343307507347047 -8.014961261020574 -10.686615014694096 -13.358268768367623 -16.029922522041147 -18.701576275714668 -21.373230029388196 -24.04488378306172 -26.716537536735242 -29.38819129040876 -32.05984504408229 -34.73149879775581 -37.403152551429336 -40.07480630510286 -42.74646005877638 -45.41811381244991 -48.08976756612343 -50.761421319796966 
